08080
00000
00000
00000
00000
00000
00000
00000
00000
00000
00000
00000
00000
00000
00000
00000
08CA1
36712
36800
36664
08CF1
36709
36813
36600
08761
36100
36200
36300
36C00
36D00
36E00
36F00
37000
37100
05201
37300
37410
37500
37600
37700
37800
37900
37A00
37B00
32024
1A000
32024
08170
32220
04111
10101
0A181
08509
34381
08471
05201
08361
37700
083E1
3670D
36814
04601
087D9
08259
08D31
08CA1
36712
36800
36664
08CF1
36709
36813
36600
08761
1A003
30D01
082A2
32220
04111
10100
2AD00
18000
10101
08258
36D00
36700
36819
04609
04F31
08DB1
08331
05201
08361
083E1
08490
36700
36819
366FF
08DB1
08429
18000
08258
0007A
3670D
36814
04601
087D9
18002
11201
0837A
08383
08561
29101
31102
08363
37100
11201
2B000
29101
31105
083A3
37100
05681
18002
18001
11700
2D601
31600
083E3
37600
35740
37700
18002
18001
11A00
2D901
31900
0842B
37900
35A41
37A00
18002
10000
18000
10001
18002
31007
08572
37000
2CC01
05961
30C00
084D2
082FB
04CA9
04091
2C301
34381
30300
082FB
08632
10101
2AC00
28E01
30E06
0850B
28C01
34C41
05561
04361
34381
18002
29001
18002
36702
36808
366FC
08831
3670D
36814
366FF
087D9
36700
36819
366FF
08DB1
36712
36800
36664
08CF1
36709
36813
36600
08761
36304
35840
35841
18002
36702
36808
36603
08A51
3670D
36814
366FF
087D9
36712
36800
36664
08CF1
36709
36813
36600
08761
36700
36819
366FF
08DB1
36304
35840
35841
18002
00B58
086F0
28901
08DF1
28801
04848
0870B
18002
28901
08DF1
28701
04748
0873B
18002
04439
04539
08DF1
28701
30717
08773
08DF1
28801
3081D
08793
08DF1
2C701
30708
087B3
18002
04439
04541
08DF1
28801
3081D
087EB
36814
28701
30717
087EB
18002
36702
36808
366E0
04439
04541
08DF1
28701
30706
0885B
08DF1
28801
3080A
0887B
08DF1
2C701
30701
0889B
36706
08DF1
28801
3080C
088C3
08DF1
2C701
30701
088E3
3680E
36702
08DF1
28801
30813
08913
36810
08DF1
28701
30706
0893B
3680E
36706
08DF1
28801
30813
0896B
36814
36702
08DF1
28701
30707
0899B
36702
28801
08DF1
28801
36703
08DF1
28701
30706
089E3
36706
28801
08DF1
36702
28801
08DF1
28701
30707
08A2B
18002
04439
04541
08DF1
28701
30706
08A63
08DF1
28801
3080D
08A83
36702
3680E
08DF1
28701
30706
08AB3
08DF1
28801
30812
08AD3
08DF1
2C701
30702
08AF3
08DF1
2C801
3080E
08B13
36814
36702
08DF1
28801
30819
08B43
36814
28701
08DF1
28701
08DF1
28801
30819
08B83
36818
28701
08DF1
36814
28701
08DF1
28801
30819
08BCB
3681A
36702
08DF1
28801
3081E
08BFB
3681A
28701
08DF1
28701
08DF1
28801
3081E
08C3B
3681A
28701
08DF1
28701
08DF1
28801
3081E
08C7B
18002
366FF
36A00
04751
36800
36927
08701
28A01
30A1E
08CB3
18002
08DF1
28801
30828
08CF3
28701
3071E
08CF3
18002
08D61
2D401
31400
08D33
37410
18002
37DE9
37E06
37F06
29F01
08D7B
29E01
08D73
29D01
08D6B
18002
04439
04541
08D61
08DF1
28701
3070D
0ADC0
18002
04439
04541
2053F
2041F
10401
0AE50
10401
0AE68
34591
34490
34692
18002
22540
18000
08E20
22580
08E30
00000
00000
00000
00000
00000
00000
00000
00000
00000
00000
00000
00000
00000
00000
00000
00000
00000
00000
00000
00000
00000
00000
00000
00000
00000
00000
00000
00000
00000
00000
00000
00000
00000
00000
00000
00000
00000
00000
00000
00000
00000
00000
00000
00000
00000
00000
00000
00000
00000
00000
00000
00000
00000
00000
00000
00000
00000
00000
00000
00000
00000
00000
00000
00000
00000
00000
00000
00000
00000
00000
00000
00000
00000
00000
00000
00000
00000
00000
00000
00000
00000
00000
00000
00000
00000
00000
00000
00000
00000
00000
00000
00000
00000
00000
00000
00000
00000
00000
00000
00000
00000
00000
00000
00000
00000
00000
00000
00000
00000
00000
00000
00000
00000
00000
00000
00000
00000
00000
00000
00000
00000
00000
00000
00000
00000
00000
00000
00000
00000
00000
00000
00000
00000
00000
00000
00000
00000
00000
00000
00000
00000
00000
00000
00000
00000
00000
00000
00000
00000
00000
00000
00000
00000
00000
00000
00000
00000
00000
00000
00000
00000
00000
00000
00000
00000
00000
00000
00000
00000
00000
00000
00000
00000
00000
00000
00000
00000
00000
00000
00000
00000
00000
00000
00000
00000
00000
00000
00000
00000
00000
00000
00000
00000
00000
00000
00000
00000
00000
00000
00000
00000
00000
00000
00000
00000
00000
00000
00000
00000
00000
00000
00000
00000
00000
00000
00000
00000
00000
00000
00000
00000
00000
00000
00000
00000
00000
00000
00000
00000
00000
00000
00000
00000
00000
00000
00000
00000
00000
00000
00000
00000
00000
00000
00000
00000
00000
00000
00000
00000
00000
00000
00000
00000
00000
00000
00000
00000
00000
00000
00000
00000
00000
00000
00000
00000
00000
00000
00000
00000
00000
00000
00000
00000
00000
00000
00000
00000
00000
00000
00000
00000
00000
00000
00000
00000
00000
00000
00000
00000
00000
00000
00000
00000
00000
00000
00000
00000
00000
00000
00000
00000
00000
00000
00000
00000
00000
00000
00000
00000
00000
00000
00000
00000
00000
00000
00000
00000
00000
00000
00000
00000
00000
00000
00000
00000
00000
00000
00000
00000
00000
00000
00000
00000
00000
00000
00000
00000
00000
00000
00000
00000
00000
00000
00000
00000
00000
00000
00000
00000
00000
00000
00000
00000
00000
00000
00000
00000
00000
00000
00000
00000
00000
00000
00000
00000
00000
00000
00000
00000
00000
00000
00000
00000
00000
00000
00000
00000
00000
00000
00000
00000
00000
00000
00000
00000
00000
00000
00000
00000
00000
00000
00000
00000
00000
00000
00000
00000
00000
00000
00000
00000
00000
00000
00000
00000
00000
00000
00000
00000
00000
00000
00000
00000
00000
00000
00000
00000
00000
00000
00000
00000
00000
00000
00000
00000
00000
00000
00000
00000
00000
00000
00000
00000
00000
00000
00000
00000
00000
00000
00000
00000
00000
00000
00000
00000
00000
00000
00000
00000
00000
00000
00000
00000
00000
00000
00000
00000
00000
00000
00000
00000
00000
00000
00000
00000
00000
00000
00000
00000
00000
00000
00000
00000
00000
00000
00000
00000
00000
00000
00000
00000
00000
00000
00000
00000
00000
00000
00000
00000
00000
00000
00000
00000
00000
00000
00000
00000
00000
00000
00000
00000
00000
00000
00000
00000
00000
00000
00000
00000
00000
00000
00000
00000
00000
00000
00000
00000
00000
00000
00000
00000
00000
00000
00000
00000
00000
00000
00000
00000
00000
00000
00000
00000
00000
00000
00000
00000
00000
00000
00000
00000
00000
00000
00000
00000
00000
00000
00000
00000
00000
00000
00000
00000
00000
00000
00000
00000
00000
00000
00000
08180
